AP and attached device number
0 4
1 3
2 4
3 1
4 4
5 3
6 4
7 5
8 3
9 4
10 5
11 4
12 3
13 1
14 3
15 4
16 5
17 4
18 1
19 4
20 3
21 1
22 1
23 4
24 5
25 4
26 4
27 2
28 1
29 1


edge between AP
0 1
0 2
0 4
0 5
0 6
0 8
0 9
0 11
0 12
0 13
0 19
0 21
0 22
0 23
0 27
0 28
0 29
1 3
1 5
1 6
1 7
1 10
1 11
1 13
1 15
1 17
1 18
1 20
1 21
1 22
1 23
1 29
2 3
2 4
2 6
2 7
2 14
2 15
2 16
2 18
2 19
2 22
2 23
2 24
2 29
3 6
3 7
3 8
3 10
3 11
3 12
3 13
3 15
3 16
3 18
3 20
3 21
3 24
3 25
3 29
4 5
4 6
4 7
4 12
4 13
4 15
4 18
4 20
4 22
4 23
4 24
4 25
4 29
5 6
5 8
5 9
5 13
5 14
5 16
5 17
5 18
5 21
5 22
5 23
5 25
5 29
6 7
6 10
6 13
6 14
6 16
6 17
6 18
6 22
6 23
6 24
6 25
6 27
6 28
7 9
7 10
7 13
7 14
7 15
7 18
7 21
7 22
7 23
7 27
8 9
8 10
8 13
8 15
8 16
8 18
8 19
8 21
8 23
8 24
8 26
8 27
8 28
8 29
9 11
9 13
9 14
9 16
9 17
9 18
9 22
9 26
9 27
10 11
10 12
10 13
10 18
10 20
10 21
10 22
10 23
10 24
10 26
10 27
11 13
11 14
11 16
11 17
11 19
11 21
11 22
11 23
11 24
11 26
11 27
12 13
12 17
12 18
12 21
12 24
12 28
13 15
13 16
13 17
13 18
13 22
13 23
13 26
13 28
14 16
14 18
14 21
14 25
14 27
15 18
15 19
15 20
15 22
15 24
15 29
16 19
16 20
16 22
16 23
16 29
17 19
17 21
17 22
17 23
17 28
17 29
18 20
18 21
18 25
19 20
19 23
19 26
19 27
19 28
20 21
20 24
20 25
20 26
20 27
20 28
21 23
21 25
21 26
21 28
22 24
22 28
23 24
23 25
23 26
25 26
25 27
26 27
26 28
27 28
28 29
