AP and attached device number
0 1
1 1
2 1
3 1
4 1
5 1
6 1
7 1
8 1
9 1
10 1
11 1
12 1
13 1
14 1
15 1
16 1
17 1
18 1
19 1
20 1
21 1
22 1
23 1
24 1
25 1
26 1
27 1
28 1
29 1
30 1
31 1
32 1
33 1
34 1
35 1
36 1
37 1
38 1
39 1


edge between AP
0 2
0 4
0 8
0 10
0 16
0 23
0 28
0 31
1 3
1 10
1 11
1 15
1 18
1 19
1 20
1 21
1 27
1 32
1 39
2 4
2 11
2 12
2 14
2 17
2 20
2 22
2 26
2 30
2 34
2 36
3 5
3 7
3 8
3 14
3 17
3 18
3 20
3 23
3 24
3 28
3 38
4 9
4 15
4 16
4 19
4 36
4 39
5 16
5 23
5 31
6 13
6 18
6 27
6 30
6 33
6 36
6 38
7 13
7 17
7 24
7 25
7 26
7 33
7 35
7 36
8 12
8 26
8 39
9 17
9 23
9 35
10 18
10 39
11 13
11 14
11 16
11 18
11 21
11 25
11 26
11 28
12 13
12 15
12 16
12 23
12 29
13 16
13 25
13 27
13 28
13 36
14 16
14 17
14 22
14 28
14 31
14 34
15 19
15 20
15 23
15 26
15 34
16 19
16 23
16 35
16 37
17 18
17 21
17 25
17 30
18 27
18 31
18 35
19 20
19 33
19 34
19 39
20 28
20 30
20 34
20 38
20 39
21 27
21 28
21 32
21 35
21 37
22 24
22 26
22 31
22 36
22 37
23 24
23 28
23 31
23 37
23 39
24 28
24 36
25 29
25 31
26 31
26 33
26 36
27 37
27 38
27 39
29 31
29 35
29 37
30 35
30 37
30 39
31 34
31 37
32 37
34 37
34 39
36 38
38 39
