AP and attached device number
0 2
1 1
2 5
3 1
4 3
5 5
6 4
7 5
8 5
9 2
10 4
11 5
12 4
13 4
14 1
15 3
16 5
17 2
18 5
19 5
20 4
21 4
22 3
23 1
24 5
25 3
26 3
27 2
28 4
29 1
30 3
31 3
32 5
33 1
34 5
35 3
36 1
37 4
38 4
39 1


dege between AP
0 2
0 12
0 24
0 27
0 28
0 29
0 32
1 13
1 32
1 38
2 9
2 20
3 13
3 19
3 28
4 12
4 13
4 15
4 25
4 34
5 7
5 10
5 12
6 21
6 25
6 26
7 9
7 13
7 31
8 9
8 16
8 17
8 19
8 29
8 32
8 38
9 17
9 20
9 24
10 18
10 28
11 21
11 32
11 37
12 15
12 16
12 18
12 27
12 30
13 23
13 27
13 33
13 36
14 15
14 17
14 22
14 23
14 38
15 22
15 25
15 27
15 29
16 23
16 24
16 27
16 29
17 23
18 20
18 25
19 22
19 25
19 30
20 33
22 33
24 35
25 29
26 28
26 36
27 38
28 31
30 35
31 37
32 38
33 39
34 38
38 39
