AP and attached device number
0 1
1 1
2 1
3 1
4 1
5 1
6 1
7 1
8 1
9 1
10 1
11 1
12 1
13 1
14 1
15 1
16 1
17 1
18 1
19 1
20 1
21 1
22 1
23 1
24 1
25 1
26 1
27 1
28 1
29 1
30 1
31 1
32 1
33 1
34 1
35 1
36 1
37 1
38 1
39 1
40 1
41 1
42 1
43 1
44 1
45 1
46 1
47 1
48 1
49 1
50 1
51 1
52 1
53 1
54 1
55 1
56 1
57 1
58 1
59 1
60 1
61 1
62 1
63 1
64 1
65 1
66 1
67 1
68 1
69 1
70 1
71 1
72 1
73 1
74 1
75 1
76 1
77 1
78 1
79 1


edge between AP
0 11
0 15
0 16
0 19
0 23
0 27
0 31
0 38
0 40
0 46
0 47
0 48
0 49
0 50
0 52
0 54
0 56
0 58
0 59
0 60
0 61
0 69
0 70
0 72
0 73
0 75
0 77
1 6
1 7
1 12
1 13
1 14
1 17
1 19
1 21
1 23
1 24
1 27
1 29
1 32
1 35
1 37
1 38
1 40
1 41
1 46
1 48
1 49
1 50
1 51
1 55
1 57
1 58
1 59
1 68
1 69
1 70
1 71
1 74
1 75
1 78
2 5
2 11
2 12
2 17
2 23
2 24
2 31
2 41
2 42
2 47
2 50
2 63
2 64
2 69
2 74
2 76
2 77
3 12
3 14
3 15
3 16
3 17
3 18
3 24
3 25
3 27
3 29
3 31
3 34
3 37
3 38
3 42
3 43
3 44
3 46
3 48
3 51
3 53
3 55
3 56
3 61
3 63
3 64
3 69
3 70
3 78
4 9
4 10
4 12
4 17
4 20
4 21
4 23
4 24
4 30
4 31
4 32
4 34
4 35
4 37
4 38
4 41
4 48
4 58
4 59
4 60
4 63
4 65
4 67
4 71
4 72
4 74
4 78
5 6
5 8
5 13
5 17
5 22
5 27
5 38
5 41
5 43
5 56
5 57
5 58
5 64
5 69
5 73
5 75
5 76
5 77
6 8
6 16
6 22
6 24
6 32
6 34
6 37
6 42
6 43
6 44
6 48
6 55
6 57
6 58
6 63
6 72
6 76
6 79
7 10
7 17
7 19
7 20
7 25
7 26
7 36
7 37
7 38
7 41
7 46
7 50
7 55
7 56
7 59
7 61
7 63
7 65
7 71
7 72
7 73
7 75
7 77
8 9
8 11
8 12
8 15
8 18
8 19
8 21
8 24
8 26
8 27
8 28
8 29
8 30
8 32
8 35
8 37
8 38
8 46
8 48
8 49
8 50
8 55
8 63
8 64
8 68
8 69
8 75
8 78
9 10
9 13
9 14
9 15
9 16
9 17
9 22
9 23
9 24
9 29
9 31
9 34
9 46
9 49
9 57
9 61
9 62
9 64
9 66
9 69
9 73
9 77
10 15
10 16
10 20
10 25
10 26
10 27
10 31
10 32
10 36
10 38
10 39
10 41
10 42
10 48
10 50
10 51
10 52
10 54
10 55
10 57
10 61
10 62
10 68
10 75
11 12
11 13
11 20
11 29
11 31
11 35
11 36
11 37
11 49
11 52
11 55
11 58
11 61
11 62
11 68
11 69
11 71
11 72
11 77
11 79
12 15
12 20
12 21
12 23
12 27
12 42
12 46
12 52
12 53
12 55
12 60
12 65
13 15
13 17
13 20
13 23
13 27
13 29
13 31
13 35
13 36
13 37
13 40
13 43
13 53
13 54
13 55
13 66
13 71
13 73
13 79
14 15
14 17
14 19
14 20
14 22
14 24
14 26
14 27
14 32
14 40
14 41
14 42
14 49
14 52
14 54
14 55
14 57
14 60
14 61
14 65
14 68
14 69
14 70
14 75
14 76
14 77
15 18
15 21
15 23
15 29
15 31
15 35
15 39
15 42
15 44
15 50
15 57
15 59
15 66
15 69
15 73
15 76
15 77
15 79
16 20
16 21
16 23
16 24
16 27
16 28
16 30
16 31
16 34
16 35
16 36
16 38
16 39
16 40
16 44
16 48
16 53
16 58
16 62
16 63
16 65
16 71
16 74
16 77
17 18
17 22
17 27
17 32
17 34
17 36
17 39
17 42
17 44
17 51
17 58
17 63
17 65
17 69
17 74
17 79
18 22
18 23
18 24
18 28
18 37
18 39
18 43
18 47
18 49
18 50
18 53
18 57
18 58
18 68
18 76
18 77
18 79
19 20
19 21
19 22
19 26
19 28
19 41
19 49
19 51
19 63
19 64
19 65
19 74
19 76
19 77
19 79
20 24
20 34
20 38
20 42
20 43
20 54
20 57
20 66
20 67
20 70
20 71
20 72
20 74
20 77
20 79
21 22
21 24
21 25
21 28
21 31
21 34
21 37
21 41
21 47
21 50
21 65
21 67
21 68
21 71
21 72
21 73
21 74
21 76
21 77
21 78
22 26
22 29
22 33
22 36
22 37
22 41
22 58
22 61
22 64
22 65
22 66
22 69
22 70
22 74
23 25
23 27
23 32
23 37
23 41
23 45
23 50
23 53
23 58
23 60
23 65
23 67
23 69
23 70
23 75
23 76
23 77
24 26
24 27
24 32
24 33
24 35
24 37
24 41
24 45
24 51
24 52
24 55
24 57
24 58
24 62
24 63
24 67
24 69
24 74
24 79
25 26
25 27
25 30
25 33
25 35
25 41
25 42
25 43
25 47
25 51
25 55
25 60
25 61
25 62
25 63
25 64
25 65
25 72
25 75
26 30
26 32
26 33
26 34
26 36
26 37
26 39
26 43
26 44
26 45
26 46
26 49
26 50
26 51
26 53
26 54
26 65
26 66
26 67
26 71
26 72
26 74
27 30
27 32
27 34
27 39
27 42
27 44
27 46
27 48
27 50
27 51
27 54
27 57
27 59
27 62
27 63
27 68
27 75
27 78
28 37
28 44
28 53
28 61
28 72
28 76
29 31
29 33
29 34
29 36
29 37
29 40
29 43
29 45
29 46
29 50
29 54
29 59
29 61
29 66
29 74
29 76
29 78
29 79
30 31
30 33
30 41
30 47
30 57
30 59
30 61
30 62
30 68
31 33
31 34
31 35
31 39
31 40
31 41
31 42
31 43
31 44
31 46
31 47
31 53
31 57
31 61
31 62
31 67
31 70
31 75
31 76
31 79
32 35
32 47
32 48
32 54
32 61
32 62
32 66
32 67
32 71
32 73
32 79
33 36
33 38
33 39
33 48
33 52
33 53
33 55
33 58
33 64
33 66
33 68
33 69
33 71
33 72
33 74
33 77
33 78
33 79
34 35
34 36
34 37
34 39
34 40
34 42
34 49
34 50
34 51
34 52
34 58
34 63
34 64
34 65
34 67
34 79
35 37
35 39
35 40
35 42
35 43
35 46
35 48
35 61
35 71
35 73
36 43
36 59
36 65
36 68
36 70
36 71
36 73
36 74
36 75
36 76
36 77
37 42
37 46
37 56
37 60
37 62
37 68
37 71
37 73
37 76
37 78
38 40
38 42
38 45
38 46
38 55
38 59
38 70
38 71
38 77
39 40
39 47
39 56
39 59
39 60
39 63
39 64
39 70
39 72
39 73
39 76
39 79
40 41
40 45
40 53
40 57
40 59
40 60
40 61
40 63
40 66
40 68
40 70
40 71
40 72
40 75
40 78
41 44
41 52
41 53
41 61
41 69
41 71
41 74
41 76
42 53
42 57
42 61
42 63
42 64
42 65
42 69
42 78
43 44
43 47
43 49
43 53
43 60
43 64
43 66
43 67
43 71
43 72
43 73
43 77
44 49
44 51
44 52
44 57
44 71
44 73
44 79
45 46
45 51
45 52
45 56
45 58
45 73
45 76
45 78
45 79
46 54
46 55
46 56
46 58
46 64
46 70
46 77
46 78
46 79
47 51
47 52
47 53
47 56
47 58
47 61
47 65
47 72
47 77
47 78
47 79
48 50
48 55
48 66
48 67
48 70
48 72
48 75
49 53
49 54
49 55
49 56
49 61
49 65
49 67
49 72
50 54
50 56
50 58
50 62
50 63
50 66
50 73
50 74
50 76
50 77
50 78
51 52
51 56
51 57
51 61
51 62
51 66
51 71
52 53
52 57
52 63
52 64
52 66
52 75
52 76
52 79
53 56
53 58
53 63
53 64
53 66
53 71
53 74
53 78
54 55
54 58
54 59
54 60
54 61
54 63
54 76
54 79
55 58
55 59
55 68
55 69
55 70
55 77
55 79
56 59
56 65
56 66
56 68
56 69
56 70
56 73
56 74
57 65
57 67
57 68
57 71
57 75
57 76
57 77
58 61
58 65
58 74
58 78
59 60
59 62
59 68
59 71
59 73
59 74
59 79
60 62
60 74
60 76
60 78
61 64
61 72
61 74
61 79
62 65
62 70
62 71
62 72
62 74
62 76
62 78
63 64
63 66
63 71
63 75
63 76
63 77
63 78
64 65
64 67
64 69
64 70
64 73
65 70
65 73
65 76
66 70
66 72
66 75
66 77
66 79
67 72
67 73
67 74
67 75
67 79
68 70
68 71
68 73
68 78
68 79
69 75
70 74
70 75
71 76
71 78
72 73
72 74
72 78
73 76
73 79
74 78
74 79
75 77
75 78
76 79
77 78
77 79
